#Setup:400M2_Cesar,Cesar Briceno,CVSO-2007,cvso2007,Red,,,600.000000,1.000000,1.000000,3.000000,0.000000,0.000000,OFF,OFF,OFF,OFF,OFF,OFF,OFF,<NO FILTER>,GG455,1.0" long slit,SYZY_400,0,0,1000,-1035,17,0,
Setup:400M2_Cesar,Cesar Briceno,CVSO-2007,cvso2007_comp,Red,,,1.000000,1.000000,1.000000,3.000000,2.000000,0.000000,ON,OFF,ON,OFF,OFF,OFF,OFF,<NO FILTER>,GG455,1.0" long slit,SYZY_400,0,0,1000,-1035,17,0,
Setup:400M2_Cesar,Cesar Briceno,CVSO-2007,cvso2007,Red,,,600.000000,1.000000,1.000000,3.000000,0.000000,0.000000,OFF,OFF,OFF,OFF,OFF,OFF,OFF,<NO FILTER>,GG455,1.0" long slit,SYZY_400,0,0,1000,-1035,17,0,
Setup:400M2_Cesar,Cesar Briceno,CVSO-2007,cvso2007_comp,Red,,,1.000000,1.000000,1.000000,3.000000,2.000000,0.000000,ON,OFF,ON,OFF,OFF,OFF,OFF,<NO FILTER>,GG455,1.0" long slit,SYZY_400,0,0,1000,-1035,17,0,
Setup:400M2_Cesar,Cesar Briceno,CVSO-2007,cvso2007,Red,,,600.000000,1.000000,1.000000,3.000000,0.000000,0.000000,OFF,OFF,OFF,OFF,OFF,OFF,OFF,<NO FILTER>,GG455,1.0" long slit,SYZY_400,0,0,1000,-1035,17,0,
